   Task 1 ✔
>> save datafile
   Task 2 ✔
>> clear
   Task 3 ✔
>> load datafile
   Task 4 ✔
>> data

data =

    3.0000    0.5300    4.0753       NaN
   18.0000    1.7800    6.6678    2.1328
   19.0000    0.8600    1.5177    3.6852
   20.0000    1.6000    3.6375    8.5389
   21.0000    3.0000    4.7243   10.1570
   23.0000    6.1100    9.0698    2.8739
   38.0000    2.5400    5.3002    4.4508
